20
159
1 4
3 17
6 17
14 20
12 19
6 7
7 9
1 9
19 20
15 19
5 18
10 14
1 17
6 15
1 11
3 19
13 19
10 15
9 15
12 20
16 19
4 20
2 18
16 18
10 13
14 19
3 10
3 18
7 12
4 18
13 17
1 13
1 5
14 16
6 16
6 9
6 12
4 10
4 8
6 20
17 19
8 9
16 17
4 5
8 15
8 20
7 14
6 13
7 10
9 10
16 20
6 18
7 16
2 15
12 18
14 15
12 13
4 19
11 12
5 15
10 19
8 11
11 20
1 6
8 17
2 19
3 11
11 14
11 17
1 3
1 12
9 17
10 16
8 12
4 15
1 19
13 18
2 17
15 20
8 10
4 13
2 5
17 18
7 19
10 18
2 7
13 20
4 7
5 20
3 12
1 2
12 15
5 14
3 13
9 13
2 3
5 9
7 13
3 7
10 11
3 4
2 20
12 14
9 18
15 18
1 10
2 13
3 14
5 16
5 17
2 14
1 15
7 8
15 16
13 15
9 20
3 5
3 15
6 11
5 19
12 16
7 11
4 11
9 19
2 11
1 8
3 9
2 6
2 10
9 12
5 13
2 12
4 14
8 16
9 16
6 19
4 16
9 14
11 13
14 18
3 20
2 4
17 20
11 19
8 14
5 10
2 16
7 17
1 7
3 16
4 9
8 18
2 9
18 20
5 11
5 8
4 12
6 14
4 17
4 1
17 3
17 6
20 14
19 12
7 6
9 7
9 1
20 19
19 15
18 5
14 10
17 1
15 6
11 1
19 3
19 13
15 10
15 9
20 12
19 16
20 4
18 2
18 16
13 10
19 14
10 3
18 3
12 7
18 4
17 13
13 1
5 1
16 14
16 6
9 6
12 6
10 4
8 4
20 6
19 17
9 8
17 16
5 4
15 8
20 8
14 7
13 6
10 7
10 9
20 16
18 6
16 7
15 2
18 12
15 14
13 12
19 4
12 11
15 5
19 10
11 8
20 11
6 1
17 8
19 2
11 3
14 11
17 11
3 1
12 1
17 9
16 10
12 8
15 4
19 1
18 13
17 2
20 15
10 8
13 4
5 2
18 17
19 7
18 10
7 2
20 13
7 4
20 5
12 3
2 1
15 12
14 5
13 3
13 9
3 2
9 5
13 7
7 3
11 10
4 3
20 2
14 12
18 9
18 15
10 1
13 2
14 3
16 5
17 5
14 2
15 1
8 7
16 15
15 13
20 9
5 3
15 3
11 6
19 5
16 12
11 7
11 4
19 9
11 2
8 1
9 3
6 2
10 2
12 9
13 5
12 2
14 4
16 8
16 9
19 6
16 4
14 9
13 11
18 14
20 3
4 2
20 17
19 11
14 8
10 5
16 2
17 7
7 1
16 3
9 4
18 8
9 2
20 18
11 5
8 5
12 4
14 6
17 4
