50
223
17 40
7 38
8 29
19 37
31 46
8 35
9 12
4 13
16 24
24 48
7 49
19 30
30 49
39 46
28 47
16 33
20 46
35 38
45 48
11 29
20 32
6 43
22 38
7 44
32 43
1 9
21 36
11 39
28 34
17 18
9 48
27 38
16 21
4 16
11 13
1 41
17 24
23 27
4 12
25 50
11 36
13 44
11 38
34 48
24 43
17 31
12 35
40 43
27 31
33 40
5 14
8 33
21 30
7 12
5 13
14 38
35 42
5 12
26 41
1 46
17 20
7 46
1 48
37 40
7 24
2 49
10 48
13 22
33 39
9 27
34 36
24 44
4 24
19 23
6 23
7 21
41 50
33 41
25 30
24 37
19 31
14 23
2 26
20 34
6 44
9 47
28 41
5 23
24 47
42 43
11 30
21 28
12 13
43 46
13 15
10 40
3 23
16 50
37 38
11 31
7 19
1 18
12 50
15 36
10 37
8 48
10 38
21 44
4 39
5 37
29 34
17 29
14 45
31 50
9 17
2 12
32 44
17 38
8 45
1 36
7 31
31 47
40 41
38 46
15 43
8 42
14 15
3 25
13 32
18 41
22 32
19 43
4 48
13 25
13 36
10 20
5 48
4 27
6 39
49 50
20 35
20 41
13 20
8 39
5 30
14 27
2 23
10 31
31 38
11 32
32 46
2 41
17 44
38 43
12 32
25 41
13 40
21 39
1 37
4 43
24 31
28 38
15 31
1 33
9 13
13 34
28 43
5 49
16 19
5 17
23 36
1 10
16 48
25 38
7 9
33 38
32 47
37 43
15 35
39 43
2 13
15 48
7 39
4 6
13 26
20 29
6 48
34 42
14 18
6 46
28 31
25 35
26 50
8 12
38 44
22 41
10 44
10 27
2 29
12 17
6 10
36 48
17 26
5 11
3 38
3 37
5 44
3 46
16 43
15 29
15 25
4 22
39 41
17 43
23 26
42 50
6 22
33 44
6 45
7 41
8 32
10 32
15 27
