15 100
40 63
19 72
59 69
28 42
9 20
14 78
13 37
42 94
4 55
51 54
22 68
73 83
37 38
79 93
58 98
8 25
15 95
32 97
4 67
6 84
90 93
71 91
57 97
12 99
19 36
44 81
19 28
29 37
39 47
1 54
15 70
6 22
63 64
12 52
32 89
2 5
41 79
18 68
43 75
11 53
41 69
41 72
24 34
28 75
18 32
14 54
2 81
35 39
22 95
56 64
36 55
15 82
31 63
25 52
45 77
24 33
36 82
63 90
90 91
84 99
77 87
24 40
36 37
80 99
32 65
14 65
29 96
58 80
50 72
42 44
1 29
41 57
10 84
3 34
76 79
20 23
15 52
48 92
75 97
41 67
27 54
44 83
25 38
16 38
3 23
45 83
1 39
80 97
23 44
57 65
65 85
15 73
65 82
62 66
18 49
9 37
55 91
22 60
15 68
33 61
6 63
60 97
53 73
17 69
13 32
14 21
3 4
58 96
13 18
68 92
67 76
1 67
18 37
12 22
4 63
2 79
27 53
4 95
54 68
18 46
12 53
4 13
59 100
38 57
66 81
2 58
46 82
53 100
6 30
40 72
64 68
52 82
83 95
36 38
22 72
22 55
36 65
34 57
40 66
62 83
39 90
17 43
2 29
16 37
23 52
33 63
39 56
75 93
32 36
23 80
70 86
30 73
2 65
50 65
31 90
58 99
47 84
61 67
8 30
20 73
1 15
45 53
3 88
43 95
57 83
61 72
31 34
7 97
77 78
30 45
57 98
70 76
5 78
23 89
13 40
10 59
38 60
5 27
7 20
29 43
28 94
51 73
6 32
47 87
2 24
42 51
66 69
11 37
13 97
38 93
43 51
27 82
57 100
4 12
23 99
2 68
55 70
9 41
76 77
11 40
96 98
29 100
15 97
2 69
66 98
67 77
57 93
4 48
35 89
17 80
83 84
36 76
33 64
32 70
47 93
21 47
83 96
79 88
91 92
52 57
17 72
57 87
7 40
11 27
35 88
46 83
9 99
7 61
9 42
1 75
62 75
57 62
33 65
20 58
68 86
35 54
35 100
79 99
3 26
36 49
41 62
42 95
65 75
34 67
35 99
14 53
32 49
42 77
78 87
5 20
15 51
43 79
8 87
35 67
69 97
10 12
31 98
10 79
21 79
42 47
28 33
32 88
37 52
13 88
53 81
31 85
64 79
8 96
20 99
27 67
44 84
82 94
18 88
15 47
41 43
1 77
51 77
7 94
22 77
33 73
11 22
51 61
27 32
65 96
10 21
71 81
31 75
9 55
55 84
6 97
46 61
26 50
12 15
63 74
12 85
25 50
94 95
9 25
56 66
27 42
29 34
6 37
16 99
64 81
4 88
53 87
85 99
42 65
49 68
26 53
11 12
33 66
58 84
29 66
19 40
44 75
36 67
82 95
40 49
71 85
18 41
87 93
67 96
93 97
75 83
54 79
64 93
10 20
52 91
27 63
49 71
55 89
16 91
77 84
29 74
29 80
49 70
46 52
27 51
8 33
44 88
29 52
15 85
57 58
12 74
25 86
20 74
11 73
44 70
21 24
74 75
73 91
87 98
19 77
22 78
42 66
75 79
9 13
29 97
9 90
38 68
35 43
8 70
38 41
30 58
58 97
21 38
54 89
88 90
16 68
19 48
39 45
44 54
59 87
45 80
16 93
42 74
12 79
38 66
2 16
13 75
37 43
49 69
13 27
28 55
57 64
52 78
23 43
33 45
33 78
15 59
3 35
50 95
88 96
5 18
58 60
9 97
18 89
15 40
1 97
52 92
83 93
7 56
23 61
69 82
29 38
97 98
47 100
9 22
39 75
11 56
50 92
24 99
89 97
38 82
66 93
1 49
14 63
48 89
43 93
3 30
25 66
40 42
31 92
35 78
74 99
31 58
77 81
68 79
31 53
1 20
56 98
28 57
75 99
39 63
57 73
5 76
7 17
4 50
1 12
32 33
24 78
46 65
70 88
45 56
45 51
12 34
32 43
32 39
11 54
10 89
4 49
79 87
39 41
60 66
30 49
34 88
74 84
17 65
4 72
21 80
44 57
5 36
5 13
35 93
38 45
3 22
12 90
9 66
21 60
50 78
41 56
38 94
22 53
41 58
23 55
18 35
59 97
76 81
77 95
19 43
70 93
5 58
8 84
1 27
66 67
65 93
16 56
39 53
9 89
69 74
2 73
18 71
9 31
7 24
2 7
46 98
53 61
15 53
63 81
6 11
56 96
61 76
15 81
54 63
10 29
50 85
66 89
37 80
57 96
68 100
43 46
12 39
31 51
24 51
34 99
54 87
7 98
3 13
41 80
48 84
76 83
28 92
21 34
11 31
2 89
24 70
28 67
73 92
50 83
72 90
20 37
78 97
10 63
6 38
44 59
84 95
17 42
30 55
44 47
67 89
82 99
9 18
57 63
5 65
46 90
45 62
65 69
39 91
57 86
62 70
28 73
60 85
35 58
88 94
39 60
23 84
14 66
18 87
31 45
38 67
62 99
24 50
69 98
35 73
10 18
13 50
44 96
63 100
65 81
56 95
17 73
61 97
60 70
26 78
23 69
23 34
33 39
39 52
46 72
36 75
21 85
52 83
49 89
11 96
76 88
43 71
46 58
25 79
10 53
10 31
19 50
23 29
83 89
23 48
68 94
69 84
29 70
71 76
20 70
11 100
10 98
25 26
38 75
9 19
28 72
24 42
2 74
49 51
56 92
22 87
33 48
77 79
68 75
16 53
70 74
35 65
20 62
32 86
23 46
10 62
4 73
49 82
4 76
34 38
21 39
3 56
31 71
54 55
59 61
69 90
34 72
77 98
22 52
52 84
8 97
37 97
31 81
46 97
26 97
2 93
74 93
71 72
13 73
18 60
6 67
29 60
90 95
8 58
29 92
48 96
63 88
50 73
80 82
5 31
15 23
28 43
74 88
2 41
85 86
6 74
67 94
3 27
52 64
54 100
15 27
26 72
8 14
45 73
6 85
80 88
64 98
6 7
15 80
4 40
68 81
13 96
19 51
59 94
18 73
74 78
6 36
45 94
61 85
27 78
23 100
68 96
1 8
43 55
10 83
9 28
15 63
28 34
33 77
21 92
60 61
55 97
7 43
19 39
6 72
15 96
2 63
1 32
2 17
8 82
10 65
12 68
74 86
33 41
37 72
69 71
89 90
90 97
72 86
26 96
65 73
7 48
15 62
9 63
18 99
34 40
71 83
17 49
77 91
85 92
66 74
75 90
32 58
62 71
4 22
44 98
24 71
57 92
11 23
69 70
26 64
30 75
10 30
52 87
1 48
33 50
48 97
12 40
19 45
64 87
80 98
13 24
27 60
1 61
54 62
58 63
26 42
27 52
91 94
3 10
33 74
7 83
31 94
81 82
24 46
19 21
83 91
64 89
26 73
25 76
19 46
18 92
41 84
42 86
9 94
23 76
36 63
12 80
15 38
41 60
35 56
16 26
1 44
14 39
71 79
3 63
47 71
5 57
36 41
8 29
18 23
18 57
24 84
38 40
50 69
19 83
55 80
72 93
44 52
11 95
68 95
45 69
58 67
31 73
33 80
33 54
34 100
82 97
92 100
67 78
10 15
25 51
64 82
21 96
69 73
49 53
36 92
20 84
34 78
58 86
41 65
59 81
26 81
22 85
48 75
25 48
13 91
20 41
90 98
30 62
10 77
1 33
38 52
79 81
64 69
65 76
32 83
16 27
87 92
35 40
68 93
81 83
41 95
22 54
56 69
6 78
30 66
4 9
19 88
42 89
5 15
12 23
41 94
49 100
62 64
54 78
42 78
65 99
58 70
25 47
65 71
51 65
82 96
68 73
70 89
25 96
72 74
45 64
47 58
50 53
51 69
31 79
25 70
52 72
9 87
2 88
16 52
18 56
35 47
6 46
20 83
67 80
41 42
32 57
44 77
44 65
8 35
17 20
32 53
10 87
20 28
43 57
15 35
10 17
13 92
33 82
16 44
39 87
43 60
1 19
48 68
23 33
24 93
3 24
22 44
69 78
46 51
18 24
16 92
19 57
51 55
55 74
16 31
5 34
16 50
28 54
49 60
84 90
14 89
27 43
3 50
25 95
10 92
14 34
6 76
14 80
8 53
91 96
10 61
28 97
16 57
10 39
22 100
16 28
2 44
42 50
70 95
12 70
9 95
39 93
59 80
64 80
10 95
84 100
60 68
80 93
10 97
36 64
9 85
63 65
33 59
35 80
6 55
81 99
33 88
7 67
69 72
69 86
21 57
32 72
49 90
35 96
67 74
62 76
45 78
63 98
3 48
4 23
36 96
28 41
30 83
58 93
23 26
63 80
11 33
75 80
2 13
48 56
41 78
60 79
8 39
39 84
39 67
46 67
25 54
48 58
4 10
32 80
6 51
16 24
7 29
65 87
65 95
19 34
69 91
1 87
36 74
11 17
68 84
15 78
28 63
20 25
38 59
5 95
44 48
40 64
35 62
27 100
9 100
17 68
50 99
8 36
20 54
26 58
4 86
8 67
17 92
2 15
32 71
51 75
17 75
34 49
16 81
20 38
32 54
31 78
26 31
10 72
56 79
99 100
2 75
18 72
38 56
4 64
24 61
8 45
91 100
6 62
12 49
15 92
10 47
12 75
37 48
3 25
69 77
39 71
4 42
20 89
93 95
64 70
94 96
42 54
49 56
17 96
27 56
42 49
15 24
53 85
7 66
46 56
34 53
47 89
2 39
13 69
55 62
41 59
6 28
28 40
42 55
20 67
3 77
56 97
75 100
10 94
21 32
23 72
71 92
11 52
30 63
1 45
3 42
21 61
32 75
30 84
51 78
54 90
22 96
4 19
20 96
6 82
75 94
10 54
40 79
13 19
20 42
48 51
74 97
33 53
20 63
11 94
29 58
60 100
34 73
79 94
11 16
39 42
66 79
39 79
9 32
26 43
29 78
36 80
35 46
2 84
22 58
70 80
43 97
62 82
11 19
73 82
11 36
54 96
20 29
72 83
27 45
4 27
47 68
59 88
11 38
74 90
86 90
70 98
50 96
51 66
33 47
7 58
54 60
24 76
56 78
6 80
1 70
8 60
17 37
36 100
21 71
60 82
7 62
14 17
16 89
19 32
6 34
66 75
33 52
7 8
34 62
6 88
25 58
41 85
28 46
50 94
31 35
9 11
35 60
60 64
17 87
40 47
7 95
73 87
57 66
15 31
82 85
2 97
7 87
51 100
11 68
52 56
21 95
20 35
8 99
2 21
16 59
13 30
4 58
39 77
12 57
57 89
33 71
43 63
67 83
26 46
6 19
6 43
35 75
41 44
43 100
2 86
39 89
6 40
42 60
22 43
6 16
36 50
69 81
37 58
48 91
28 47
44 87
33 37
17 64
70 99
85 90
41 81
30 87
25 59
21 87
4 25
33 83
45 61
45 89
25 62
24 55
3 96
81 88
63 89
32 98
10 75
19 55
10 32
17 100
28 80
14 51
37 71
16 30
68 83
23 64
20 22
36 43
13 95
67 68
16 54
82 88
50 59
60 77
30 100
23 77
71 77
22 94
10 52
37 74
60 94
31 86
2 55
85 97
26 44
53 60
5 85
12 86
18 78
18 36
13 33
43 94
50 58
5 67
60 95
31 33
28 59
34 97
2 80
11 14
29 30
15 36
22 91
62 92
83 86
29 86
28 45
10 71
30 56
13 76
7 41
22 51
21 90
30 35
53 57
6 99
2 46
62 63
20 86
6 47
27 39
18 28
58 79
32 41
19 70
18 62
32 90
8 24
36 58
60 76
9 30
75 96
7 30
5 22
24 29
70 72
12 25
83 90
47 48
20 90
2 14
28 96
85 98
56 82
25 65
58 76
25 63
52 62
17 89
14 68
7 93
53 66
41 82
64 92
44 93
26 87
47 98
14 27
60 84
13 81
43 47
7 65
66 80
27 55
27 47
17 32
8 85
26 34
91 93
15 72
27 86
41 100
55 60
1 59
7 23
19 31
20 50
19 22
24 95
34 54
16 83
30 80
40 98
29 55
10 33
35 91
41 76
83 100
22 35
24 74
7 88
29 47
13 71
9 34
34 59
70 82
4 16
4 34
71 74
22 84
17 90
25 36
28 83
10 55
3 83
10 22
84 85
25 91
83 88
4 77
18 47
37 56
54 91
43 96
65 90
42 64
35 98
73 86
42 46
18 82
16 94
55 98
3 80
20 53
32 62
35 72
24 32
34 60
57 76
75 86
50 68
23 28
3 62
26 27
51 80
46 89
62 81
21 42
50 86
55 68
4 84
34 66
10 11
20 93
48 70
4 62
77 85
48 98
52 71
65 78
18 51
47 96
28 98
69 93
24 47
39 65
31 39
23 65
54 99
63 84
97 99
34 98
5 33
57 68
33 95
9 43
38 64
26 57
11 84
72 76
49 72
46 80
34 55
20 78
16 43
70 83
24 59
11 78
49 97
23 62
31 88
5 49
44 78
58 85
12 58
57 88
32 61
84 86
54 88
4 97
18 26
51 91
30 50
14 90
61 100
38 51
35 86
59 82
23 95
100 15
63 40
72 19
69 59
42 28
20 9
78 14
37 13
94 42
55 4
54 51
68 22
83 73
38 37
93 79
98 58
25 8
95 15
97 32
67 4
84 6
93 90
91 71
97 57
99 12
36 19
81 44
28 19
37 29
47 39
54 1
70 15
22 6
64 63
52 12
89 32
5 2
79 41
68 18
75 43
53 11
69 41
72 41
34 24
75 28
32 18
54 14
81 2
39 35
95 22
64 56
55 36
82 15
63 31
52 25
77 45
33 24
82 36
90 63
91 90
99 84
87 77
40 24
37 36
99 80
65 32
65 14
96 29
80 58
72 50
44 42
29 1
57 41
84 10
34 3
79 76
23 20
52 15
92 48
97 75
67 41
54 27
83 44
38 25
38 16
23 3
83 45
39 1
97 80
44 23
65 57
85 65
73 15
82 65
66 62
49 18
37 9
91 55
60 22
68 15
61 33
63 6
97 60
73 53
69 17
32 13
21 14
4 3
96 58
18 13
92 68
76 67
67 1
37 18
22 12
63 4
79 2
53 27
95 4
68 54
46 18
53 12
13 4
100 59
57 38
81 66
58 2
82 46
100 53
30 6
72 40
68 64
82 52
95 83
38 36
72 22
55 22
65 36
57 34
66 40
83 62
90 39
43 17
29 2
37 16
52 23
63 33
56 39
93 75
36 32
80 23
86 70
73 30
65 2
65 50
90 31
99 58
84 47
67 61
30 8
73 20
15 1
53 45
88 3
95 43
83 57
72 61
34 31
97 7
78 77
45 30
98 57
76 70
78 5
89 23
40 13
59 10
60 38
27 5
20 7
43 29
94 28
73 51
32 6
87 47
24 2
51 42
69 66
37 11
97 13
93 38
51 43
82 27
100 57
12 4
99 23
68 2
70 55
41 9
77 76
40 11
98 96
100 29
97 15
69 2
98 66
77 67
93 57
48 4
89 35
80 17
84 83
76 36
64 33
70 32
93 47
47 21
96 83
88 79
92 91
57 52
72 17
87 57
40 7
27 11
88 35
83 46
99 9
61 7
42 9
75 1
75 62
62 57
65 33
58 20
86 68
54 35
100 35
99 79
26 3
49 36
62 41
95 42
75 65
67 34
99 35
53 14
49 32
77 42
87 78
20 5
51 15
79 43
87 8
67 35
97 69
12 10
98 31
79 10
79 21
47 42
33 28
88 32
52 37
88 13
81 53
85 31
79 64
96 8
99 20
67 27
84 44
94 82
88 18
47 15
43 41
77 1
77 51
94 7
77 22
73 33
22 11
61 51
32 27
96 65
21 10
81 71
75 31
55 9
84 55
97 6
61 46
50 26
15 12
74 63
85 12
50 25
95 94
25 9
66 56
42 27
34 29
37 6
99 16
81 64
88 4
87 53
99 85
65 42
68 49
53 26
12 11
66 33
84 58
66 29
40 19
75 44
67 36
95 82
49 40
85 71
41 18
93 87
96 67
97 93
83 75
79 54
93 64
20 10
91 52
63 27
71 49
89 55
91 16
84 77
74 29
80 29
70 49
52 46
51 27
33 8
88 44
52 29
85 15
58 57
74 12
86 25
74 20
73 11
70 44
24 21
75 74
91 73
98 87
77 19
78 22
66 42
79 75
13 9
97 29
90 9
68 38
43 35
70 8
41 38
58 30
97 58
38 21
89 54
90 88
68 16
48 19
45 39
54 44
87 59
80 45
93 16
74 42
79 12
66 38
16 2
75 13
43 37
69 49
27 13
55 28
64 57
78 52
43 23
45 33
78 33
59 15
35 3
95 50
96 88
18 5
60 58
97 9
89 18
40 15
97 1
92 52
93 83
56 7
61 23
82 69
38 29
98 97
100 47
22 9
75 39
56 11
92 50
99 24
97 89
82 38
93 66
49 1
63 14
89 48
93 43
30 3
66 25
42 40
92 31
78 35
99 74
58 31
81 77
79 68
53 31
20 1
98 56
57 28
99 75
63 39
73 57
76 5
17 7
50 4
12 1
33 32
78 24
65 46
88 70
56 45
51 45
34 12
43 32
39 32
54 11
89 10
49 4
87 79
41 39
66 60
49 30
88 34
84 74
65 17
72 4
80 21
57 44
36 5
13 5
93 35
45 38
22 3
90 12
66 9
60 21
78 50
56 41
94 38
53 22
58 41
55 23
35 18
97 59
81 76
95 77
43 19
93 70
58 5
84 8
27 1
67 66
93 65
56 16
53 39
89 9
74 69
73 2
71 18
31 9
24 7
7 2
98 46
61 53
53 15
81 63
11 6
96 56
76 61
81 15
63 54
29 10
85 50
89 66
80 37
96 57
100 68
46 43
39 12
51 31
51 24
99 34
87 54
98 7
13 3
80 41
84 48
83 76
92 28
34 21
31 11
89 2
70 24
67 28
92 73
83 50
90 72
37 20
97 78
63 10
38 6
59 44
95 84
42 17
55 30
47 44
89 67
99 82
18 9
63 57
65 5
90 46
62 45
69 65
91 39
86 57
70 62
73 28
85 60
58 35
94 88
60 39
84 23
66 14
87 18
45 31
67 38
99 62
50 24
98 69
73 35
18 10
50 13
96 44
100 63
81 65
95 56
73 17
97 61
70 60
78 26
69 23
34 23
39 33
52 39
72 46
75 36
85 21
83 52
89 49
96 11
88 76
71 43
58 46
79 25
53 10
31 10
50 19
29 23
89 83
48 23
94 68
84 69
70 29
76 71
70 20
100 11
98 10
26 25
75 38
19 9
72 28
42 24
74 2
51 49
92 56
87 22
48 33
79 77
75 68
53 16
74 70
65 35
62 20
86 32
46 23
62 10
73 4
82 49
76 4
38 34
39 21
56 3
71 31
55 54
61 59
90 69
72 34
98 77
52 22
84 52
97 8
97 37
81 31
97 46
97 26
93 2
93 74
72 71
73 13
60 18
67 6
60 29
95 90
58 8
92 29
96 48
88 63
73 50
82 80
31 5
23 15
43 28
88 74
41 2
86 85
74 6
94 67
27 3
64 52
100 54
27 15
72 26
14 8
73 45
85 6
88 80
98 64
7 6
80 15
40 4
81 68
96 13
51 19
94 59
73 18
78 74
36 6
94 45
85 61
78 27
100 23
96 68
8 1
55 43
83 10
28 9
63 15
34 28
77 33
92 21
61 60
97 55
43 7
39 19
72 6
96 15
63 2
32 1
17 2
82 8
65 10
68 12
86 74
41 33
72 37
71 69
90 89
97 90
86 72
96 26
73 65
48 7
62 15
63 9
99 18
40 34
83 71
49 17
91 77
92 85
74 66
90 75
58 32
71 62
22 4
98 44
71 24
92 57
23 11
70 69
64 26
75 30
30 10
87 52
48 1
50 33
97 48
40 12
45 19
87 64
98 80
24 13
60 27
61 1
62 54
63 58
42 26
52 27
94 91
10 3
74 33
83 7
94 31
82 81
46 24
21 19
91 83
89 64
73 26
76 25
46 19
92 18
84 41
86 42
94 9
76 23
63 36
80 12
38 15
60 41
56 35
26 16
44 1
39 14
79 71
63 3
71 47
57 5
41 36
29 8
23 18
57 18
84 24
40 38
69 50
83 19
80 55
93 72
52 44
95 11
95 68
69 45
67 58
73 31
80 33
54 33
100 34
97 82
100 92
78 67
15 10
51 25
82 64
96 21
73 69
53 49
92 36
84 20
78 34
86 58
65 41
81 59
81 26
85 22
75 48
48 25
91 13
41 20
98 90
62 30
77 10
33 1
52 38
81 79
69 64
76 65
83 32
27 16
92 87
40 35
93 68
83 81
95 41
54 22
69 56
78 6
66 30
9 4
88 19
89 42
15 5
23 12
94 41
100 49
64 62
78 54
78 42
99 65
70 58
47 25
71 65
65 51
96 82
73 68
89 70
96 25
74 72
64 45
58 47
53 50
69 51
79 31
70 25
72 52
87 9
88 2
52 16
56 18
47 35
46 6
83 20
80 67
42 41
57 32
77 44
65 44
35 8
20 17
53 32
87 10
28 20
57 43
35 15
17 10
92 13
82 33
44 16
87 39
60 43
19 1
68 48
33 23
93 24
24 3
44 22
78 69
51 46
24 18
92 16
57 19
55 51
74 55
31 16
34 5
50 16
54 28
60 49
90 84
89 14
43 27
50 3
95 25
92 10
34 14
76 6
80 14
53 8
96 91
61 10
97 28
57 16
39 10
100 22
28 16
44 2
50 42
95 70
70 12
95 9
93 39
80 59
80 64
95 10
100 84
68 60
93 80
97 10
64 36
85 9
65 63
59 33
80 35
55 6
99 81
88 33
67 7
72 69
86 69
57 21
72 32
90 49
96 35
74 67
76 62
78 45
98 63
48 3
23 4
96 36
41 28
83 30
93 58
26 23
80 63
33 11
80 75
13 2
56 48
78 41
79 60
39 8
84 39
67 39
67 46
54 25
58 48
10 4
80 32
51 6
24 16
29 7
87 65
95 65
34 19
91 69
87 1
74 36
17 11
84 68
78 15
63 28
25 20
59 38
95 5
48 44
64 40
62 35
100 27
100 9
68 17
99 50
36 8
54 20
58 26
86 4
67 8
92 17
15 2
71 32
75 51
75 17
49 34
81 16
38 20
54 32
78 31
31 26
72 10
79 56
100 99
75 2
72 18
56 38
64 4
61 24
45 8
100 91
62 6
49 12
92 15
47 10
75 12
48 37
25 3
77 69
71 39
42 4
89 20
95 93
70 64
96 94
54 42
56 49
96 17
56 27
49 42
24 15
85 53
66 7
56 46
53 34
89 47
39 2
69 13
62 55
59 41
28 6
40 28
55 42
67 20
77 3
97 56
100 75
94 10
32 21
72 23
92 71
52 11
63 30
45 1
42 3
61 21
75 32
84 30
78 51
90 54
96 22
19 4
96 20
82 6
94 75
54 10
79 40
19 13
42 20
51 48
97 74
53 33
63 20
94 11
58 29
100 60
73 34
94 79
16 11
42 39
79 66
79 39
32 9
43 26
78 29
80 36
46 35
84 2
58 22
80 70
97 43
82 62
19 11
82 73
36 11
96 54
29 20
83 72
45 27
27 4
68 47
88 59
38 11
90 74
90 86
98 70
96 50
66 51
47 33
58 7
60 54
76 24
78 56
80 6
70 1
60 8
37 17
100 36
71 21
82 60
62 7
17 14
89 16
32 19
34 6
75 66
52 33
8 7
62 34
88 6
58 25
85 41
46 28
94 50
35 31
11 9
60 35
64 60
87 17
47 40
95 7
87 73
66 57
31 15
85 82
97 2
87 7
100 51
68 11
56 52
95 21
35 20
99 8
21 2
59 16
30 13
58 4
77 39
57 12
89 57
71 33
63 43
83 67
46 26
19 6
43 6
75 35
44 41
100 43
86 2
89 39
40 6
60 42
43 22
16 6
50 36
81 69
58 37
91 48
47 28
87 44
37 33
64 17
99 70
90 85
81 41
87 30
59 25
87 21
25 4
83 33
61 45
89 45
62 25
55 24
96 3
88 81
89 63
98 32
75 10
55 19
32 10
100 17
80 28
51 14
71 37
30 16
83 68
64 23
22 20
43 36
95 13
68 67
54 16
88 82
59 50
77 60
100 30
77 23
77 71
94 22
52 10
74 37
94 60
86 31
55 2
97 85
44 26
60 53
85 5
86 12
78 18
36 18
33 13
94 43
58 50
67 5
95 60
33 31
59 28
97 34
80 2
14 11
30 29
36 15
91 22
92 62
86 83
86 29
45 28
71 10
56 30
76 13
41 7
51 22
90 21
35 30
57 53
99 6
46 2
63 62
86 20
47 6
39 27
28 18
79 58
41 32
70 19
62 18
90 32
24 8
58 36
76 60
30 9
96 75
30 7
22 5
29 24
72 70
25 12
90 83
48 47
90 20
14 2
96 28
98 85
82 56
65 25
76 58
63 25
62 52
89 17
68 14
93 7
66 53
82 41
92 64
93 44
87 26
98 47
27 14
84 60
81 13
47 43
65 7
80 66
55 27
47 27
32 17
85 8
34 26
93 91
72 15
86 27
100 41
60 55
59 1
23 7
31 19
50 20
22 19
95 24
54 34
83 16
80 30
98 40
55 29
33 10
91 35
76 41
100 83
35 22
74 24
88 7
47 29
71 13
34 9
59 34
82 70
16 4
34 4
74 71
84 22
90 17
36 25
83 28
55 10
83 3
22 10
85 84
91 25
88 83
77 4
47 18
56 37
91 54
96 43
90 65
64 42
98 35
86 73
46 42
82 18
94 16
98 55
80 3
53 20
62 32
72 35
32 24
60 34
76 57
86 75
68 50
28 23
62 3
27 26
80 51
89 46
81 62
42 21
86 50
68 55
84 4
66 34
11 10
93 20
70 48
62 4
85 77
98 48
71 52
78 65
51 18
96 47
98 28
93 69
47 24
65 39
39 31
65 23
99 54
84 63
99 97
98 34
33 5
68 57
95 33
43 9
64 38
57 26
84 11
76 72
72 49
80 46
55 34
78 20
43 16
83 70
59 24
78 11
97 49
62 23
88 31
49 5
78 44
85 58
58 12
88 57
61 32
86 84
88 54
97 4
26 18
91 51
50 30
90 14
100 61
51 38
86 35
82 59
95 23
